
0.000027976731823216177612,
0.000027976731823216177612,
0.000027976733627844186038,
0.000027976735081452630978,
0.000027976736535061099244,
0.000027976737988669616917,
0.000027976739442278157915,
0.000027976741246906449021,
0.00002797674270051510708,
0.000027976740533141211832,
0.000027976741630636533155,
0.000027976711683704802469,
0.000027976713488332137581,
0.000027976714941940057794,
0.000027976716395548001334,
0.000027976715684645805092,
0.000027976714668061292941,
0.000027976713599105516346,
0.000027976712886737343078,
0.00002797671271872025553,
0.000027976714172328109599,
0.000027976715448635545566,
0.000027976716546130430718,
0.000027976717999738405296,
0.000027976711692095157804,
0.000027976712609259648086,
0.000027976714062867522419,
0.000027976714062867522419,
0.00002797671551647544616,
0.000027976718238267546444,
0.00002797671933576251481,
0.000027976721140390134471,
0.000027976719087310478457,
0.000027976718300266915921,
0.0000279767174796668315,
0.000027976718396831407112,
0.000027976717551332546093,
0.000027976716714096187428,
0.00002797671576106956149,
0.000027976716858564432651,
0.000027976718134871912651,
0.000027976718134871912651,
0.000027976719588479943437,
0.000027976719588479943437,
0.000027976719588479943437,
0.0000279767226714901642,
0.0000279767226714901642,
0.0000279767226714901642,
0.000027976724300892373576,
0.000027976725218057120545,
0.000027976725218057120545,
0.000027976725218057120545,
0.000027976725218057120545,
0.00002797671170328229825,
0.00002797671170328229825,
0.00002797671170328229825,
0.000027976713332684181753,
0.000027976713332684181753,
0.000027976714430179035802,
0.000027976715347343589558,
0.000027976715347343589558,
0.000027976715347343589558,
0.000027976717151971082065,
0.000027976717151971082065,
0.000027976717151971082065,
0.000027976718956598664882,
0.000027976718956598664882,
0.000027976720761226285846,
0.000027976720761226285846,
0.000027976720761226285846,
0.000027976720761226285846,
0.000027976721858721300774,
0.000027976721858721300774,
0.000027976721858721300774,
0.000027976723312329420485,
0.000027976723312329420485,
0.000027976724941731693085,
0.000027976724941731693085,
0.00002797672603922679368,